20.0	19.0	4.6	-50.1831	-67.0288	1.0555556	185.3	0.16434292	0.05	0.6	0.10526316	0.21052632	0.0	0.055555556	0.85	0.0	0.0	
37.0	36.0	5.5405407	-130.295	-130.591	1.1612903	100.4054	0.09800206	0.054054055	0.7567568	0.027777778	0.19444445	0.0	0.057142857	0.9	5.0	5.0	
16.0	14.0	4.3125	-55.7372	-54.4473	1.0769231	182.8125	0.023237918	0.0	0.9375	0.06666667	0.46666667	0.0	0.071428575	0.93333334	0.0	0.0	
17.0	16.0	4.5882354	-43.0713	-58.9923	1.0666667	244.0	0.06782575	0.0	0.7647059	0.0625	0.375	0.0	0.13333334	0.9375	0.0	0.0	
13.0	11.0	4.6923075	-43.2837	-41.3466	1.0	134.38461	0.11140564	0.0	0.84615386	0.0	0.5	0.0	0.0	0.9166667	2.0	2.0	
34.0	33.0	4.0882354	-118.151	-113.852	1.2692307	277.88235	0.12871125	0.0	0.7647059	0.030303031	0.33333334	0.03125	0.09375	0.9285714	4.0	3.0	
25.0	23.0	4.44	-83.7854	-73.6565	1.0952381	149.32	0.12797017	0.08	0.76	0.041666668	0.375	0.0	0.04347826	0.95454544	2.0	2.0	
18.0	17.0	4.5555553	-49.2443	-67.118	1.1333333	116.77778	0.08904407	0.0	0.6666667	0.0	0.23529412	0.0	0.0625	0.8125	3.0	3.0	
21.0	22.0	3.952381	-62.6157	-62.9276	1.375	233.28572	0.04675265	0.04761905	0.9047619	0.0	0.7	0.0	0.21052632	0.94736844	0.0	0.0	
13.0	12.0	6.076923	-42.993	-38.8502	1.0	133.15384	0.07133128	0.0	0.6923077	0.16666667	0.25	0.0	0.0	0.9166667	2.0	2.0	
40.0	40.0	4.75	-133.376	-137.542	1.2903225	167.35	0.11710167	0.025	0.8	0.025641026	0.33333334	0.0	0.078947365	0.875	5.0	5.0	
26.0	25.0	5.3461537	-86.9555	-92.4105	1.0416666	169.5	0.070812516	0.03846154	0.7692308	0.12	0.4	0.0	0.0	0.9130435	2.0	2.0	
18.0	19.0	4.388889	-58.7721	-58.0858	1.1875	160.11111	0.036664482	0.0	0.8333333	0.05882353	0.5294118	0.0	0.125	0.93333334	2.0	2.0	
15.0	15.0	4.266667	-49.665	-53.4591	1.1538461	116.6	0.09737246	0.0	0.73333335	0.0	0.21428572	0.0	0.07692308	0.9230769	3.0	3.0	
17.0	16.0	5.117647	-52.4692	-51.492	1.0666667	257.58823	0.06726251	0.0	0.88235295	0.0625	0.5	0.0	0.13333334	1.0	0.0	0.0	
17.0	17.0	5.7058825	-34.6588	-52.0838	1.2142857	113.29412	0.19095415	0.11764706	0.64705884	0.0	0.25	0.0	0.13333334	0.88235295	2.0	2.0	
38.0	37.0	5.1578946	-134.706	-135.319	1.2758621	111.68421	0.16379456	0.05263158	0.7105263	0.0	0.1891892	0.0	0.027777778	0.9032258	5.0	5.0	
10.0	10.0	4.8	-33.1228	-40.7066	1.0	139.1	0.01692338	0.0	0.9	0.0	0.5555556	0.0	0.125	0.9	0.0	0.0	
18.0	17.0	4.8333335	-54.5606	-62.3062	1.0625	196.5	0.08717703	0.055555556	0.7222222	0.0	0.3529412	0.0625	0.0625	0.9375	0.0	0.0	
17.0	16.0	4.352941	-52.7534	-54.3476	1.0	147.23529	0.093042105	0.0	0.7058824	0.1875	0.25	0.0	0.0	0.9375	2.0	2.0	
14.0	14.0	3.857143	-43.0042	-47.644	1.1666666	122.07143	0.100122236	0.0	0.71428573	0.0	0.30769232	0.0	0.083333336	0.9166667	3.0	3.0	
21.0	22.0	4.857143	-66.7529	-71.08	1.1	200.5238	0.16878682	0.0	0.85714287	0.05	0.45	0.0	0.10526316	0.8947368	2.0	2.0	
44.0	45.0	4.8863635	-162.375	-173.911	1.3636364	124.02273	0.09956501	0.045454547	0.79545456	0.046511628	0.25581396	0.0	0.04761905	0.90625	6.0	6.0	
10.0	9.0	4.5	-32.5956	-35.1883	1.0	160.5	0.020498905	0.0	0.9	0.11111111	0.5555556	0.0	0.125	0.9	0.0	0.0	
14.0	12.0	5.5	-54.8637	-30.6669	1.0909091	201.57143	0.22442348	0.0	0.78571427	0.07692308	0.23076923	0.0	0.16666667	1.0	0.0	0.0	
12.0	11.0	4.5	-27.0597	-37.2031	1.0	116.166664	0.08309017	0.083333336	0.6666667	0.0	0.18181819	0.0	0.0	0.8333333	2.0	2.0	
36.0	37.0	5.0555553	-129.424	-145.698	1.2333333	120.94444	0.13638407	0.027777778	0.6944444	0.0	0.2	0.0	0.029411765	0.8965517	6.0	6.0	
19.0	19.0	5.4736843	-65.3267	-70.2238	1.0	119.1579	0.061635952	0.0	0.84210527	0.055555556	0.33333334	0.0	0.05882353	0.94736844	0.0	0.0	
20.0	21.0	4.9	-62.2345	-64.1062	1.05	195.7	0.13944831	0.0	0.8	0.0	0.57894737	0.0	0.11111111	0.95	0.0	0.0	
18.0	17.0	4.1666665	-52.3557	-53.176	1.1333333	165.88889	0.032081652	0.0	0.7777778	0.05882353	0.3529412	0.0625	0.0	0.875	3.0	3.0	
24.0	23.0	4.1666665	-83.9264	-83.77	1.0952381	204.875	0.12819657	0.0	0.75	0.04347826	0.3043478	0.0	0.09090909	0.90909094	3.0	2.0	
26.0	23.0	4.8076925	-75.1882	-62.1844	1.2777778	246.8077	0.06942247	0.0	0.8076923	0.04	0.44	0.0	0.125	0.9047619	3.0	3.0	
29.0	32.0	5.586207	-113.085	-108.384	1.1034483	113.27586	0.07989869	0.03448276	0.79310346	0.10714286	0.2857143	0.0	0.037037037	0.96153843	4.0	4.0	
26.0	27.0	4.4615383	-71.6046	-83.7347	1.125	207.92308	0.040387873	0.0	0.88461536	0.04	0.64	0.041666668	0.16666667	0.96	0.0	0.0	
16.0	15.0	5.25	-45.8053	-50.8452	1.0	131.6875	0.03182008	0.0	0.8125	0.0	0.33333334	0.0	0.14285715	0.8666667	2.0	2.0	
37.0	34.0	5.0540543	-121.904	-141.372	1.2592592	120.324326	0.09707344	0.027027028	0.7567568	0.0	0.22222222	0.0	0.028571429	0.89285713	4.0	4.0	
10.0	10.0	4.8	-33.1228	-40.7066	1.0	139.1	0.01692338	0.0	0.9	0.0	0.5555556	0.0	0.125	0.9	0.0	0.0	
8.0	8.0	5.125	-28.7626	-33.4265	1.0	217.375	0.044127863	0.0	0.875	0.14285715	0.2857143	0.0	0.0	1.0	0.0	0.0	
17.0	16.0	5.5882354	-53.1026	-61.305	1.0666667	118.76471	0.09104537	0.05882353	0.7058824	0.1875	0.25	0.06666667	0.0	0.8666667	3.0	3.0	
7.0	7.0	6.714286	-31.5894	-29.334	1.0	182.42857	0.07109723	0.0	1.0	0.0	0.33333334	0.0	0.0	1.0	0.0	0.0	
15.0	15.0	5.6	-50.3594	-44.8472	1.0	158.46666	0.050660495	0.0	0.93333334	0.14285715	0.5	0.0	0.07692308	1.0	0.0	0.0	
11.0	11.0	3.909091	-33.0328	-20.0169	1.0	275.81818	0.040971804	0.0	0.8181818	0.0	0.6	0.0	0.44444445	0.90909094	0.0	0.0	
18.0	18.0	4.1666665	-53.3447	-69.9082	1.0588236	139.27777	0.038831983	0.0	0.8888889	0.0	0.47058824	0.0625	0.0	0.9375	3.0	3.0	
12.0	12.0	5.3333335	-45.9241	-51.9014	1.0	133.66667	0.11749577	0.0	0.6666667	0.09090909	0.09090909	0.0	0.0	1.0	0.0	0.0	
21.0	20.0	4.095238	-48.1676	-61.458	1.1764706	325.7143	0.123958364	0.0	0.85714287	0.05	0.65	0.05263158	0.42105263	0.9411765	0.0	0.0	
17.0	17.0	5.8235292	-50.2783	-57.055	1.0625	117.47059	0.07936227	0.0	0.5882353	0.1875	0.0625	0.0	0.0	0.875	3.0	3.0	
25.0	25.0	5.76	-97.0289	-94.7687	1.1363636	112.4	0.13547678	0.08	0.72	0.083333336	0.16666667	0.0	0.0	0.95454544	3.0	3.0	
18.0	18.0	4.611111	-45.7475	-56.9336	1.125	230.22223	0.08549268	0.0	0.8333333	0.0	0.5882353	0.125	0.1875	0.9444444	0.0	0.0	
11.0	12.0	4.7272725	-36.0228	-44.9029	1.0	123.818184	0.14698419	0.0	0.72727275	0.0	0.3	0.0	0.0	0.90909094	2.0	2.0	
16.0	16.0	4.5	-52.9407	-69.815	1.0666667	111.3125	0.074180394	0.0	0.75	0.0	0.26666668	0.0	0.0	0.8666667	3.0	3.0	
18.0	18.0	4.611111	-51.4008	-56.4655	1.0	132.38889	0.17602414	0.055555556	0.6111111	0.05882353	0.11764706	0.0	0.0625	0.8888889	0.0	0.0	
11.0	10.0	4.0	-47.5973	-34.0	1.0	127.0	0.15053076	0.0	0.72727275	0.1	0.3	0.0	0.0	0.90909094	2.0	2.0	
19.0	18.0	5.6842103	-89.2485	-72.0853	1.125	100.789474	0.16710882	0.0	0.68421054	0.0	0.16666667	0.0	0.0	0.9411765	3.0	3.0	
18.0	17.0	4.388889	-55.5997	-50.162	1.2142857	214.94444	0.11972765	0.0	0.8333333	0.05882353	0.4117647	0.0	0.125	1.0	0.0	0.0	
14.0	15.0	4.928571	-48.9224	-58.1424	1.0	111.28571	0.0818594	0.0	0.71428573	0.0	0.23076923	0.0	0.0	0.85714287	2.0	2.0	
12.0	11.0	4.6666665	-39.0666	-52.269	1.0	106.333336	0.06486229	0.0	0.75	0.0	0.18181819	0.0	0.0	0.9166667	2.0	2.0	
19.0	21.0	4.736842	-49.4016	-51.2746	1.1666666	269.26315	0.082175076	0.0	0.7368421	0.0	0.3888889	0.0	0.05882353	0.8235294	0.0	0.0	
21.0	18.0	4.714286	-61.4336	-63.4957	1.0588236	171.28572	0.09494653	0.0	0.8095238	0.05	0.35	0.0	0.05263158	0.9	3.0	3.0	
12.0	14.0	6.0	-48.2359	-54.5627	1.0	101.166664	0.13336529	0.0	0.6666667	0.09090909	0.27272728	0.0	0.0	0.9166667	0.0	0.0	
10.0	9.0	5.2	-20.2243	-30.7534	1.0	146.4	0.118570805	0.0	0.5	0.11111111	0.11111111	0.0	0.0	0.7777778	0.0	0.0	
15.0	13.0	5.2	-45.6564	-59.4081	1.0	121.333336	0.1486641	0.06666667	0.6666667	0.0	0.071428575	0.0	0.0	1.0	0.0	0.0	
20.0	17.0	4.55	-58.4271	-66.2296	1.0625	230.5	0.28094172	0.05	0.85	0.10526316	0.31578946	0.11111111	0.055555556	0.8947368	0.0	0.0	
45.0	35.0	4.2	-140.541	-149.015	1.1290323	190.04445	0.06926138	0.0	0.84444445	0.022727273	0.3409091	0.0	0.11627907	0.8857143	5.0	5.0	
17.0	17.0	4.529412	-59.4137	-66.4472	1.0	178.76471	0.09590657	0.0	0.64705884	0.0625	0.25	0.0	0.0	0.88235295	4.0	2.0	
37.0	34.0	4.864865	-129.643	-145.37	1.1724138	128.35135	0.06325376	0.0	0.8108108	0.027777778	0.2777778	0.0	0.028571429	0.9310345	5.0	5.0	
15.0	14.0	4.2	-56.4563	-50.6319	1.0	149.26666	0.11702833	0.06666667	0.8	0.0	0.2857143	0.0	0.07692308	0.8666667	0.0	0.0	
11.0	9.0	4.5454545	-35.9616	-27.7685	1.125	156.90909	0.01146108	0.0	0.72727275	0.2	0.3	0.0	0.0	0.8	3.0	3.0	
18.0	18.0	4.2222223	-56.2264	-60.4103	1.125	132.0	0.08734679	0.0	0.7222222	0.0	0.1764706	0.0	0.0	0.875	3.0	3.0	
17.0	15.0	4.5882354	-45.2228	-49.9169	1.0714285	309.05884	0.08965942	0.0	0.8235294	0.0	0.625	0.0	0.33333334	0.8666667	0.0	0.0	
10.0	8.0	4.3	-39.1532	-28.4846	1.0	142.0	0.012941462	0.0	0.8	0.11111111	0.5555556	0.0	0.0	0.9	2.0	2.0	
27.0	25.0	4.6296296	-82.0322	-92.6128	1.1363636	152.0	0.08785681	0.0	0.7407407	0.0	0.30769232	0.04	0.04	0.9130435	3.0	3.0	
24.0	21.0	4.3333335	-63.6856	-74.7988	1.1052631	308.20834	0.063981935	0.041666668	0.875	0.0	0.6956522	0.045454547	0.22727273	0.90909094	2.0	2.0	
24.0	25.0	4.25	-67.0296	-75.6424	1.1904762	150.20833	0.091890216	0.0	0.875	0.04347826	0.39130434	0.09090909	0.0	0.8947368	3.0	3.0	
17.0	17.0	5.352941	-64.2518	-68.6595	1.0	154.76471	0.0757953	0.0	0.7647059	0.0	0.125	0.0	0.06666667	0.9411765	2.0	2.0	
15.0	14.0	4.4666667	-48.3821	-46.9285	1.0769231	292.93332	0.030776994	0.0	0.8666667	0.0	0.42857143	0.0	0.15384616	0.93333334	0.0	0.0	
16.0	16.0	4.5	-43.4117	-39.5738	1.0666667	134.375	0.13089389	0.0	0.75	0.06666667	0.13333334	0.0	0.0	0.85714287	0.0	0.0	
30.0	30.0	4.9666667	-93.8444	-117.728	1.1538461	142.76666	0.06273701	0.0	0.8	0.0	0.27586207	0.0	0.035714287	0.9230769	4.0	4.0	
14.0	13.0	5.0	-33.6784	-34.9862	1.0	287.92856	0.16164021	0.0	0.78571427	0.0	0.46153846	0.0	0.25	0.7692308	0.0	0.0	
16.0	17.0	4.4375	-54.8233	-54.7137	1.0625	152.3125	0.08306311	0.0	0.8125	0.13333334	0.46666667	0.0	0.071428575	1.0	2.0	2.0	
30.0	31.0	4.9	-99.8127	-109.125	1.24	170.33333	0.09486963	0.0	0.73333335	0.03448276	0.20689656	0.0	0.0	0.8	5.0	5.0	
11.0	12.0	5.0	-37.2136	-47.0849	1.0909091	143.18182	0.10548852	0.18181819	0.6363636	0.0	0.2	0.0	0.0	0.9	0.0	0.0	
13.0	13.0	3.6153846	-55.7786	-58.5056	1.0833334	135.15384	0.037838854	0.0	0.84615386	0.083333336	0.33333334	0.0	0.0	1.0	3.0	3.0	
23.0	23.0	4.5652175	-82.7599	-78.3361	1.15	149.91304	0.09416612	0.0	0.73913044	0.0	0.22727273	0.0	0.0952381	0.95	3.0	3.0	
21.0	20.0	4.857143	-53.6021	-67.3099	1.1111112	178.42857	0.07912757	0.0	0.8095238	0.0	0.55	0.0	0.2631579	0.94736844	0.0	0.0	
12.0	12.0	5.5	-49.0232	-48.5436	1.0	113.583336	0.09266627	0.0	0.6666667	0.0	0.27272728	0.0	0.0	0.8333333	2.0	0.0	
12.0	10.0	4.1666665	-42.8115	-47.1416	1.0	104.833336	0.08856138	0.0	0.8333333	0.0	0.09090909	0.0	0.0	0.9166667	0.0	0.0	
18.0	17.0	4.7777777	-46.2694	-60.6882	1.0625	190.77777	0.1937271	0.0	0.6111111	0.0	0.11764706	0.0	0.0	0.8125	0.0	0.0	
31.0	27.0	4.419355	-85.0582	-101.802	1.125	168.67741	0.080189005	0.0	0.7741935	0.033333335	0.3	0.03448276	0.03448276	0.88	5.0	5.0	
13.0	11.0	5.3846154	-34.4846	-25.7932	1.1	265.23077	0.10164105	0.0	0.6923077	0.0	0.25	0.0	0.09090909	0.9230769	0.0	0.0	
38.0	36.0	4.7894735	-128.776	-119.794	1.1612903	131.02632	0.10906444	0.0	0.7368421	0.054054055	0.2972973	0.0	0.083333336	0.875	5.0	5.0	
12.0	11.0	4.8333335	-45.7826	-49.5771	1.0	132.75	0.10210675	0.0	0.8333333	0.0	0.18181819	0.0	0.0	0.9166667	0.0	0.0	
14.0	14.0	4.714286	-17.9235	-42.8575	1.0769231	134.21428	0.16852197	0.071428575	0.5	0.0	0.0	0.0	0.0	0.7692308	0.0	0.0	
16.0	16.0	5.375	-55.8673	-63.7695	1.0666667	179.125	0.12814288	0.0	0.6875	0.0	0.26666668	0.0	0.14285715	0.8	3.0	3.0	
25.0	24.0	4.88	-86.5465	-74.8483	1.1428572	193.72	0.08546088	0.0	0.76	0.0	0.375	0.04347826	0.04347826	0.9130435	0.0	0.0	
15.0	14.0	4.4666667	-56.632	-52.822	1.0	177.93333	0.13751537	0.06666667	0.8	0.071428575	0.35714287	0.0	0.15384616	1.0	2.0	2.0	
19.0	16.0	4.8421054	-62.4729	-48.1624	1.3333334	302.6316	0.06098935	0.0	0.84210527	0.055555556	0.44444445	0.05882353	0.1764706	0.9375	0.0	0.0	
36.0	32.0	4.1944447	-95.0863	-117.282	1.1851852	209.97223	0.10094002	0.027777778	0.7777778	0.08571429	0.4	0.029411765	0.11764706	0.9655172	4.0	3.0	
18.0	18.0	5.5	-74.9328	-63.1397	1.125	178.33333	0.13242131	0.0	0.7777778	0.0	0.23529412	0.0	0.0625	1.0	0.0	0.0	
11.0	10.0	4.2727275	-41.4969	-46.0825	1.0	187.09091	0.09387518	0.0	0.90909094	0.1	0.5	0.11111111	0.0	1.0	2.0	2.0	
32.0	29.0	4.40625	-86.0204	-106.348	1.1153846	205.9375	0.08812828	0.03125	0.78125	0.06451613	0.3548387	0.0	0.13333334	0.96428573	3.0	3.0	
15.0	16.0	5.3333335	-52.3425	-51.8405	1.0666667	127.4	0.075986594	0.06666667	0.8	0.071428575	0.42857143	0.07692308	0.07692308	0.9285714	0.0	0.0	
23.0	20.0	4.9130435	-81.9076	-61.4428	1.1764706	226.39131	0.10757742	0.0	0.6956522	0.18181819	0.27272728	0.0	0.0952381	1.0	3.0	3.0	
36.0	36.0	5.111111	-126.613	-122.765	1.2413793	167.72223	0.11733777	0.027777778	0.7777778	0.028571429	0.34285715	0.0	0.11764706	0.9	4.0	4.0	
14.0	14.0	6.571429	-49.7714	-42.069	1.0	115.57143	0.07551275	0.071428575	0.9285714	0.0	0.3846154	0.0	0.16666667	1.0	0.0	0.0	
23.0	23.0	4.6086955	-75.6947	-82.7455	1.0952381	98.78261	0.08847901	0.0	0.65217394	0.0	0.09090909	0.0	0.0	0.9047619	4.0	4.0	
16.0	15.0	5.5625	-39.7086	-55.5752	1.0714285	102.0625	0.07191601	0.0625	0.8125	0.0	0.4	0.0	0.0	0.8666667	0.0	0.0	
26.0	22.0	4.3846154	-89.2816	-85.4902	1.1578947	133.57692	0.05879209	0.0	0.7692308	0.0	0.32	0.041666668	0.041666668	0.85714287	4.0	4.0	
16.0	16.0	5.0625	-54.6918	-53.1328	1.0	107.9375	0.038355414	0.0	0.875	0.0	0.53333336	0.0	0.071428575	0.9375	0.0	0.0	
17.0	16.0	5.352941	-67.1161	-60.003	1.0666667	129.05882	0.09250825	0.0	0.64705884	0.125	0.25	0.0	0.06666667	0.875	3.0	3.0	
15.0	15.0	4.4666667	-48.3362	-59.8736	1.0714285	177.86667	0.11632807	0.06666667	0.8	0.071428575	0.42857143	0.0	0.15384616	1.0	2.0	3.0	
17.0	17.0	3.5882354	-42.4174	-53.1349	1.1333333	335.11765	0.13508548	0.0	0.88235295	0.0625	0.625	0.06666667	0.4	0.93333334	2.0	2.0	
13.0	12.0	4.769231	-36.8065	-44.7776	1.0	131.92308	0.10576924	0.0	0.61538464	0.0	0.25	0.0	0.0	0.9230769	2.0	2.0	
21.0	21.0	4.857143	-68.0956	-81.531	1.1666666	120.09524	0.07162683	0.0	0.71428573	0.0	0.15	0.0	0.0	0.84210527	3.0	4.0	
17.0	15.0	4.7058825	-57.3366	-51.8677	1.0714285	148.0	0.08124314	0.05882353	0.88235295	0.0	0.625	0.0	0.26666668	0.93333334	3.0	3.0	
18.0	17.0	5.5	-78.0309	-57.0459	1.1333333	127.333336	0.09820401	0.0	0.7222222	0.11764706	0.1764706	0.0	0.0	1.0	3.0	3.0	
36.0	36.0	5.361111	-117.772	-124.835	1.2	135.38889	0.09159808	0.055555556	0.8055556	0.028571429	0.31428573	0.0	0.05882353	0.9	4.0	4.0	
16.0	17.0	5.1875	-39.5987	-48.1247	1.0625	170.75	0.119282044	0.0	0.8125	0.0	0.6	0.071428575	0.14285715	0.93333334	2.0	2.0	
9.0	9.0	4.3333335	-39.7673	-35.7079	1.0	115.44444	0.13288365	0.0	0.6666667	0.125	0.25	0.0	0.0	1.0	2.0	2.0	
19.0	18.0	4.7894735	-57.9454	-62.1311	1.125	156.94737	0.19485144	0.0	0.68421054	0.055555556	0.33333334	0.0	0.11764706	0.88235295	3.0	3.0	
20.0	19.0	4.65	-55.9314	-56.2247	1.0555556	161.55	0.1471354	0.0	0.75	0.0	0.31578946	0.0	0.11111111	0.7777778	0.0	0.0	
27.0	26.0	5.259259	-106.246	-103.297	1.0833334	89.96296	0.1500507	0.0	0.6666667	0.03846154	0.115384616	0.0	0.0	0.8	4.0	4.0	
27.0	24.0	4.6666665	-68.1346	-76.6702	1.2631578	254.0	0.05781725	0.0	0.8518519	0.0	0.5769231	0.0	0.24	0.9166667	0.0	0.0	
48.0	46.0	4.7916665	-150.83	-148.359	1.3529412	166.08333	0.09434124	0.0625	0.7916667	0.04255319	0.34042552	0.0	0.13043478	0.9117647	7.0	7.0	
24.0	20.0	4.8333335	-72.2386	-77.2837	1.0526316	252.66667	0.04599778	0.0	0.9166667	0.08695652	0.6086956	0.0	0.18181819	1.0	0.0	0.0	
13.0	11.0	5.1538463	-47.0746	-35.2623	1.0	159.76923	0.031798497	0.0	0.84615386	0.083333336	0.33333334	0.0	0.09090909	0.9166667	2.0	2.0	
11.0	11.0	5.5454545	-40.1137	-46.412	1.0	85.09091	0.08469132	0.0	0.8181818	0.0	0.2	0.0	0.0	1.0	2.0	2.0	
18.0	18.0	5.1666665	-50.3005	-51.069	1.0	238.16667	0.035729345	0.11111111	0.7777778	0.05882353	0.4117647	0.0625	0.3125	0.8666667	2.0	2.0	
23.0	22.0	4.130435	-80.4915	-71.2203	1.1578947	142.73914	0.07136614	0.0	0.7826087	0.09090909	0.36363637	0.04761905	0.0	0.94736844	3.0	3.0	
13.0	12.0	3.8461537	-32.3617	-29.8621	1.0909091	283.6154	0.08915567	0.0	0.7692308	0.0	0.5	0.09090909	0.18181819	0.9166667	0.0	0.0	
13.0	13.0	3.6153846	-62.2025	-58.514	1.0833334	135.38461	0.060609613	0.0	0.7692308	0.083333336	0.33333334	0.0	0.0	1.0	3.0	3.0	
20.0	20.0	5.25	-78.004	-82.2507	1.1111112	86.85	0.13551435	0.05	0.7	0.10526316	0.10526316	0.0	0.0	0.9444444	4.0	4.0	
24.0	23.0	4.4166665	-68.8063	-64.2442	1.15	291.70834	0.04035383	0.0	0.9166667	0.04347826	0.5652174	0.0	0.13636364	0.95238096	0.0	0.0	
18.0	18.0	4.9444447	-61.5007	-57.3972	1.0588236	123.44444	0.023821207	0.0	0.8333333	0.05882353	0.4117647	0.0	0.125	0.88235295	3.0	3.0	
37.0	36.0	5.324324	-123.322	-124.048	1.2	145.91891	0.1158846	0.054054055	0.6756757	0.027777778	0.22222222	0.0	0.057142857	0.9	5.0	5.0	
25.0	20.0	4.4	-70.8421	-53.4285	1.0526316	217.52	0.06345191	0.0	0.8	0.041666668	0.5416667	0.04347826	0.13043478	0.95454544	0.0	0.0	
11.0	10.0	6.0	-45.5438	-39.199	1.0	125.27273	0.09140278	0.0	0.6363636	0.1	0.2	0.0	0.0	1.0	2.0	2.0	
24.0	21.0	4.8333335	-68.3392	-81.6429	1.1052631	137.20833	0.06711347	0.041666668	0.75	0.04347826	0.3478261	0.0	0.045454547	0.90909094	4.0	4.0	
12.0	12.0	5.3333335	-36.6995	-48.5229	1.0	116.083336	0.0564075	0.0	0.6666667	0.0	0.27272728	0.0	0.1	1.0	0.0	0.0	
14.0	12.0	5.714286	-44.2891	-51.1166	1.0	124.92857	0.10572402	0.0	0.85714287	0.0	0.46153846	0.0	0.16666667	0.9230769	2.0	2.0	
34.0	32.0	5.4117646	-135.266	-116.857	1.2307693	97.088234	0.13640094	0.0882353	0.7647059	0.0	0.24242425	0.0	0.0	0.9259259	4.0	4.0	
17.0	16.0	4.1764708	-55.0679	-59.536	1.1428572	179.47058	0.019647572	0.0	0.88235295	0.0625	0.4375	0.0	0.2	0.8666667	2.0	2.0	
17.0	17.0	4.7647057	-53.0984	-46.2081	1.0625	169.82353	0.056301363	0.0	0.88235295	0.0	0.4375	0.0	0.06666667	0.9375	0.0	0.0	
32.0	32.0	5.0	-95.7821	-103.268	1.1034483	120.84375	0.056626018	0.03125	0.75	0.16129032	0.32258064	0.033333335	0.06666667	0.86206895	3.0	3.0	
33.0	34.0	4.6969695	-100.436	-128.318	1.1724138	123.51515	0.09503639	0.0	0.72727275	0.0	0.3125	0.0	0.032258064	0.85714287	3.0	4.0	
22.0	19.0	4.9545455	-51.9557	-59.8462	1.117647	222.09091	0.14781456	0.0	0.77272725	0.04761905	0.42857143	0.0	0.15	0.9	0.0	0.0	
12.0	10.0	4.5833335	-34.6708	-46.3513	1.0	133.5	0.14002798	0.0	0.6666667	0.09090909	0.09090909	0.0	0.0	0.8333333	0.0	0.0	
12.0	12.0	5.75	-38.5908	-34.4184	1.0	79.083336	0.1001228	0.0	0.6666667	0.09090909	0.18181819	0.0	0.0	0.8333333	2.0	2.0	
16.0	15.0	4.375	-54.5127	-53.5246	1.0	177.375	0.07216574	0.0	0.875	0.06666667	0.6	0.0	0.2857143	0.9375	0.0	0.0	
26.0	22.0	5.0384617	-74.9514	-85.0938	1.1	152.23077	0.06945895	0.03846154	0.7692308	0.08	0.32	0.0	0.041666668	0.95652175	4.0	4.0	
19.0	18.0	4.8421054	-51.0075	-55.5639	1.0588236	318.5263	0.092464164	0.05263158	0.7894737	0.11111111	0.44444445	0.0	0.11764706	0.88235295	0.0	0.0	
30.0	30.0	4.6666665	-111.606	-108.081	1.25	116.23333	0.10336561	0.0	0.73333335	0.0	0.2413793	0.0	0.0	0.875	4.0	4.0	
27.0	26.0	4.6296296	-75.2444	-70.9651	1.2380953	171.07408	0.11108728	0.0	0.8518519	0.03846154	0.5769231	0.0	0.24	0.95454544	0.0	0.0	
16.0	16.0	5.3125	-58.3177	-67.3095	1.0666667	79.25	0.14952126	0.0625	0.8125	0.06666667	0.13333334	0.0	0.0	1.0	3.0	3.0	
19.0	17.0	4.4210525	-51.231	-57.4929	1.0625	214.94737	0.11194396	0.0	0.7894737	0.0	0.5	0.05882353	0.11764706	1.0	0.0	0.0	
39.0	34.0	4.25641	-123.807	-147.453	1.0967742	161.1282	0.1028208	0.0	0.7692308	0.02631579	0.2631579	0.0	0.08108108	0.90909094	3.0	3.0	
11.0	10.0	5.7272725	-40.2928	-41.2096	1.0	193.81818	0.2765331	0.09090909	0.8181818	0.1	0.4	0.0	0.0	1.0	0.0	0.0	
14.0	15.0	5.571429	-58.8106	-53.7378	1.0714285	131.21428	0.12256282	0.0	0.71428573	0.0	0.07692308	0.0	0.0	0.9230769	2.0	2.0	
30.0	28.0	4.8	-87.3779	-93.0147	1.0769231	152.8	0.120053075	0.0	0.7	0.0	0.20689656	0.0	0.071428575	0.82758623	3.0	3.0	
15.0	15.0	4.6	-40.9354	-54.5969	1.0	208.86667	0.049353246	0.0	0.8	0.0	0.35714287	0.0	0.0	0.93333334	0.0	0.0	
44.0	44.0	4.8636365	-155.312	-135.691	1.3333334	154.40909	0.12782887	0.045454547	0.79545456	0.046511628	0.23255815	0.0	0.0952381	0.9354839	6.0	6.0	
30.0	29.0	4.5	-50.4454	-76.7886	1.2608696	217.96666	0.039204907	0.033333335	0.8666667	0.03448276	0.6551724	0.0	0.4642857	0.95652175	3.0	3.0	
22.0	22.0	5.1363635	-50.0642	-61.5414	1.0476191	147.5	0.02391305	0.045454547	0.8636364	0.04761905	0.61904764	0.0	0.4	1.0	2.0	2.0	
31.0	30.0	4.451613	-93.6972	-101.602	1.2	169.19354	0.037229005	0.032258064	0.9032258	0.0	0.6666667	0.0	0.27586207	1.0	4.0	5.0	
54.0	53.0	4.4444447	-155.169	-148.28	1.2926829	212.59259	0.035284724	0.0	0.8888889	0.056603774	0.6037736	0.0	0.25	0.95238096	6.0	5.0	
49.0	49.0	4.897959	-128.588	-128.567	1.3243244	191.22449	0.039320976	0.0	0.9183673	0.0	0.8333333	0.021276595	0.5531915	0.972973	6.0	6.0	
33.0	33.0	5.090909	-89.439	-88.6454	1.2692307	335.60605	0.019529533	0.0	1.0	0.0	0.8125	0.032258064	0.3548387	1.0	2.0	2.0	
31.0	26.0	5.322581	-77.0458	-63.7739	1.2380953	277.3871	0.011249491	0.0	1.0	0.0	0.9	0.06896552	0.7586207	1.0	2.0	2.0	
34.0	32.0	5.029412	-76.9001	-83.0556	1.1851852	253.02942	0.007315414	0.0	1.0	0.0	0.93939394	0.03125	0.59375	1.0	2.0	2.0	
30.0	28.0	5.5	-75.4107	-67.2941	1.2727273	310.2	0.025973113	0.033333335	0.96666664	0.0	0.86206895	0.0	0.64285713	1.0	2.0	2.0	
24.0	26.0	6.5833335	-85.2487	-77.0479	1.0833334	152.58333	0.012630749	0.0	1.0	0.04347826	0.8695652	0.0	0.3181818	1.0	3.0	3.0	
28.0	29.0	5.571429	-92.6344	-90.0395	1.16	196.42857	0.02194584	0.0	0.9285714	0.037037037	0.5925926	0.03846154	0.15384616	0.96	3.0	3.0	
28.0	23.0	5.0	-67.7754	-68.6399	1.15	297.60715	0.01593762	0.0	0.96428573	0.0	0.8518519	0.03846154	0.61538464	0.95454544	2.0	2.0	
13.0	13.0	5.923077	-46.43	-49.4421	1.0833334	150.76923	0.017088378	0.0	0.9230769	0.0	0.8333333	0.0	0.36363637	0.9166667	3.0	3.0	
17.0	13.0	5.4117646	-48.1913	-43.1216	1.0833334	177.70589	0.0075116903	0.0	1.0	0.0	0.875	0.0	0.46666667	1.0	0.0	0.0	
42.0	43.0	5.0	-118.671	-130.702	1.2285714	194.88095	0.07728423	0.023809524	0.9285714	0.048780486	0.5121951	0.0	0.175	0.9714286	3.0	3.0	
38.0	36.0	5.2105265	-110.309	-103.653	1.2857143	224.52632	0.025303623	0.0	0.92105263	0.054054055	0.6486486	0.055555556	0.25	0.9677419	2.0	2.0	
19.0	19.0	5.0	-52.3466	-54.5028	1.0	175.94737	0.012316697	0.0	1.0	0.0	0.8888889	0.0	0.5294118	1.0	0.0	0.0	
25.0	24.0	5.56	-71.2523	-68.7966	1.0909091	193.52	0.009507397	0.0	1.0	0.041666668	0.875	0.04347826	0.47826087	1.0	2.0	2.0	
21.0	21.0	6.4761906	-72.2419	-67.8209	1.1052631	187.85715	0.0069750003	0.0	1.0	0.05	0.95	0.05263158	0.31578946	1.0	3.0	3.0	
9.0	11.0	7.0	-29.367	-29.6618	1.1	107.888885	0.02513045	0.0	0.8888889	0.125	0.5	0.0	0.14285715	1.0	2.0	2.0	
41.0	38.0	4.585366	-84.4608	-92.8865	1.3571428	239.95122	0.025133554	0.024390243	0.9512195	0.0	0.825	0.025641026	0.64102566	1.0	4.0	4.0	
19.0	19.0	5.6842103	-56.9433	-58.117	1.3571428	211.36842	0.021308541	0.0	0.94736844	0.055555556	0.6666667	0.05882353	0.23529412	1.0	0.0	0.0	
32.0	32.0	4.59375	-86.5703	-88.7019	1.0666667	183.875	0.010185285	0.0	1.0	0.032258064	0.9032258	0.06666667	0.53333336	1.0	3.0	3.0	
27.0	26.0	5.296296	-62.8748	-58.2831	1.2380953	210.85185	0.064968355	0.037037037	0.9259259	0.0	0.65384614	0.0	0.48	0.95454544	3.0	3.0	
21.0	23.0	6.1904764	-63.9535	-58.2446	1.0454545	142.38095	0.059153274	0.0952381	0.7619048	0.0	0.2	0.0	0.0	1.0	2.0	2.0	
24.0	22.0	5.75	-70.0363	-64.676	1.1	271.875	0.019790025	0.0	1.0	0.0	0.65217394	0.0	0.36363637	1.0	0.0	0.0	
38.0	37.0	4.7105265	-99.8898	-96.9727	1.3214285	195.05263	0.025449697	0.0	0.9736842	0.0	0.8108108	0.027777778	0.41666666	1.0	0.0	0.0	
5.0	7.0	5.2	-18.5559	-24.0339	1.0	102.2	0.028344672	0.0	1.0	0.0	0.75	0.0	0.33333334	1.0	1.0	3.0	
3.0	3.0	4.6666665	-1.42332	-1.3584	1.0	0.33333334	0.8333333	0.6666667	0.0	0.0	0.0	0.0	0.0	0.6666667	0.0	0.0	
84.0	78.0	5.0	-227.808	-217.717	1.3928572	198.10715	0.08392249	0.035714287	0.8333333	0.024096385	0.61445785	0.0121951215	0.31707317	0.9677419	6.0	6.0	
49.0	48.0	4.714286	-142.594	-125.386	1.1428572	202.12245	0.028866544	0.0	0.877551	0.0	0.7291667	0.04255319	0.38297874	0.9767442	4.0	4.0	
71.0	76.0	5.464789	-227.263	-236.986	1.3103448	259.2535	0.035532456	0.0	0.91549295	0.042857144	0.5714286	0.028985508	0.11594203	0.9807692	6.0	6.0	
10.0	11.0	3.9	-24.944	-28.5689	1.0	98.1	0.008653735	0.0	0.8	0.0	0.5555556	0.0	0.125	0.8	0.0	0.0	
28.0	28.0	4.071429	-85.9571	-85.7521	1.2727273	184.03572	0.09638445	0.0	0.9285714	0.037037037	0.8148148	0.0	0.23076923	1.0	2.0	2.0	
49.0	53.0	5.3061223	-132.881	-128.465	1.5142857	266.7143	0.025029374	0.0	0.97959185	0.020833334	0.8125	0.06382979	0.31914893	1.0	2.0	2.0	
17.0	19.0	4.8235292	-42.3475	-38.3644	1.117647	258.70587	0.012582868	0.0	1.0	0.0	0.9375	0.13333334	0.46666667	1.0	0.0	0.0	
17.0	19.0	5.352941	-47.9771	-53.8592	1.2666667	247.70589	0.01978573	0.0	1.0	0.0	0.8125	0.0	0.33333334	1.0	1.0	1.0	
20.0	20.0	4.2	-64.5491	-67.3609	1.1111112	174.1	0.124116	0.0	0.9	0.05263158	0.7368421	0.0	0.33333334	1.0	3.0	3.0	
25.0	22.0	4.52	-71.924	-71.9796	1.1578947	252.04	0.10743295	0.0	0.88	0.0	0.75	0.0	0.5217391	1.0	3.0	3.0	
17.0	18.0	3.9411764	-42.7663	-47.435	1.2	179.35294	0.14480662	0.0	0.88235295	0.0	0.6875	0.0	0.26666668	1.0	0.0	0.0	
23.0	25.0	3.9565217	-63.1929	-60.76	1.25	192.17392	0.11731317	0.0	0.8695652	0.045454547	0.6818182	0.0	0.3809524	1.0	0.0	0.0	
6.0	6.0	5.3333335	-23.7392	-21.5294	1.0	247.5	0.014340456	0.0	1.0	0.0	0.6	0.0	0.25	1.0	0.0	0.0	
21.0	21.0	3.7142856	-62.4662	-50.1546	1.2352941	252.7619	0.035594445	0.0	0.9047619	0.05	0.6	0.0	0.42105263	0.95	2.0	2.0	
122.0	125.0	4.0901637	-345.036	-363.625	1.8656716	234.18033	0.046821587	0.016393442	0.90163934	0.03305785	0.60330576	0.016666668	0.3	0.9076923	8.0	8.0	
23.0	22.0	3.7826087	-61.2722	-57.6093	1.1578947	237.34782	0.032286555	0.0	0.82608694	0.0	0.54545456	0.0	0.2857143	0.88235295	3.0	3.0	
2.0	2.0	10.0	-12.7901	-14.0105	1.0	9.0	0.056863334	0.0	1.0	0.0	0.0	0.0	0.0	1.0	0.0	0.0	
18.0	18.0	4.5	-53.0638	-56.7321	1.2	261.94446	0.015631013	0.0	0.9444444	0.05882353	0.7647059	0.0	0.3125	1.0	0.0	0.0	
15.0	16.0	2.8666666	-45.4697	-44.5622	1.0	143.06667	0.16852656	0.0	0.8	0.0	0.78571427	0.0	0.30769232	0.93333334	2.0	2.0	
80.0	80.0	3.8875	-208.946	-187.983	1.509434	242.7375	0.031063799	0.025	0.9125	0.012658228	0.721519	0.0	0.3846154	0.9814815	0.0	0.0	
3.0	3.0	8.0	-12.9381	-14.8708	1.0	122.0	0.01050398	0.0	1.0	0.0	1.0	0.0	0.0	1.0	0.0	0.0	
32.0	31.0	3.96875	-83.3465	-88.5549	1.24	231.8125	0.10586292	0.03125	0.875	0.0	0.7741935	0.033333335	0.26666668	0.962963	2.0	2.0	
19.0	20.0	4.4736843	-50.2826	-60.0792	1.25	289.4737	0.012680102	0.0	0.94736844	0.0	0.8333333	0.0	0.47058824	0.9444444	2.0	2.0	
14.0	14.0	2.9285715	-49.169	-49.0437	1.0	234.14285	0.17630899	0.0	0.78571427	0.0	0.61538464	0.083333336	0.25	1.0	2.0	2.0	
12.0	13.0	4.0833335	-32.7072	-35.9071	1.0	217.5	0.104934745	0.0	0.8333333	0.36363637	0.45454547	0.0	0.2	1.0	2.0	2.0	
8.0	9.0	4.25	-20.9462	-28.9253	1.0	128.75	0.0483829	0.0	0.875	0.0	0.5714286	0.0	0.16666667	1.0	0.0	0.0	
4.0	3.0	3.5	-20.6415	-1.3584	1.0	18.25	0.11076727	0.0	0.75	0.6666667	0.0	1.0	0.0	1.0	3.0	1.0	
2.0	2.0	7.0	-13.1713	-11.8093	1.0	1.5	0.10718207	0.0	1.0	0.0	0.0	0.0	0.0	1.0	0.0	0.0	
6.0	6.0	3.6666667	-23.6227	-35.6591	1.0	166.0	0.08758325	0.0	0.8333333	0.0	0.4	0.0	0.0	1.0	0.0	0.0	
11.0	11.0	4.3636365	-26.0124	-30.9405	1.0	164.81818	0.0620936	0.09090909	0.72727275	0.0	0.4	0.0	0.11111111	0.8181818	2.0	2.0	
24.0	20.0	4.2916665	-64.0533	-69.1425	1.1764706	293.70834	0.023561334	0.0	0.9583333	0.04347826	0.7826087	0.0	0.45454547	1.0	2.0	2.0	
13.0	14.0	3.7692308	-35.3262	-36.5264	1.0769231	207.0	0.01688583	0.0	1.0	0.0	0.8333333	0.09090909	0.54545456	1.0	2.0	2.0	
7.0	7.0	3.7142856	-16.4768	-19.5563	1.0	281.85715	0.04700157	0.0	0.5714286	0.0	0.0	0.0	0.0	0.85714287	0.0	0.0	
10.0	11.0	3.4	-27.7062	-30.1379	1.0	254.4	0.04446768	0.0	0.7	0.0	0.22222222	0.0	0.0	0.9	0.0	0.0	
14.0	15.0	4.428571	-35.9582	-45.0057	1.0	234.64285	0.03142362	0.0	0.78571427	0.07692308	0.3846154	0.0	0.25	0.9285714	0.0	0.0	
10.0	9.0	4.1	-26.29	-26.3366	1.0	176.8	0.014203633	0.0	1.0	0.11111111	0.7777778	0.125	0.5	1.0	0.0	0.0	
6.0	6.0	4.3333335	-20.2276	-19.3717	1.0	164.5	0.0454305	0.0	0.5	0.0	0.0	0.0	0.0	0.8333333	0.0	0.0	
27.0	25.0	4.2222223	-72.1655	-83.9127	1.25	237.88889	0.022633692	0.0	0.8888889	0.03846154	0.65384614	0.0	0.32	0.95238096	4.0	4.0	
17.0	16.0	3.4705882	-58.8561	-48.6975	1.0	162.82353	0.11773892	0.05882353	0.9411765	0.0625	0.6875	0.06666667	0.4	1.0	2.0	2.0	
19.0	20.0	4.5789475	-61.3487	-58.844	1.1764706	137.94737	0.09992693	0.05263158	0.68421054	0.055555556	0.3888889	0.0	0.05882353	0.8888889	2.0	2.0	
16.0	16.0	4.0625	-46.5496	-44.5292	1.0666667	166.5	0.046335395	0.0	0.8125	0.06666667	0.26666668	0.0	0.0	0.9375	0.0	0.0	
2.0	2.0	7.0	-14.3912	-14.4433	1.0	1.0	0.10699979	0.0	1.0	0.0	0.0	0.0	0.0	1.0	0.0	0.0	
7.0	7.0	4.714286	-34.0381	-33.7105	1.0	137.42857	0.39315763	0.14285715	0.71428573	0.0	0.0	0.0	0.0	0.85714287	0.0	0.0	
14.0	14.0	4.214286	-30.8802	-43.0121	1.1666666	307.35715	0.018849025	0.0	0.9285714	0.0	0.6923077	0.0	0.33333334	0.9285714	0.0	0.0	
20.0	20.0	4.8	-60.0608	-61.7449	1.0526316	209.55	0.14800765	0.05	0.85	0.05263158	0.5263158	0.055555556	0.11111111	0.8888889	0.0	0.0	
20.0	17.0	3.5	-38.6333	-37.472	1.2142857	240.9	0.11660929	0.05	0.7	0.0	0.36842105	0.0	0.0	0.6875	2.0	0.0	
21.0	19.0	4.6666665	-56.1182	-55.7702	1.117647	175.80952	0.06650767	0.0	0.7619048	0.05	0.35	0.05263158	0.10526316	0.8	0.0	0.0	
7.0	7.0	4.428571	-30.1725	-32.102	1.0	140.85715	0.03519728	0.0	0.71428573	0.16666667	0.16666667	0.0	0.0	0.85714287	0.0	0.0	
20.0	23.0	4.35	-49.9011	-60.7511	1.15	319.9	0.11159383	0.05	0.85	0.0	0.68421054	0.0	0.22222222	1.0	2.0	2.0	
20.0	18.0	5.0	-61.1787	-68.5039	1.0588236	152.45	0.022464832	0.0	0.9	0.0	0.7368421	0.0	0.2777778	1.0	5.0	3.0	
15.0	14.0	4.2	-52.6951	-48.7481	1.0769231	261.93332	0.035440203	0.0	1.0	0.0	0.64285713	0.0	0.15384616	1.0	2.0	2.0	
9.0	8.0	7.2222223	-32.3113	-20.5088	1.0	168.22223	0.11485186	0.11111111	0.7777778	0.0	0.625	0.14285715	0.14285715	0.8888889	2.0	0.0	
15.0	13.0	4.8	-37.1259	-49.1937	1.1818181	131.26666	0.22747238	0.13333334	0.6666667	0.14285715	0.2857143	0.0	0.07692308	0.84615386	4.0	4.0	
11.0	12.0	5.5454545	-20.0811	-27.2126	1.0	171.90909	0.05020896	0.09090909	0.6363636	0.0	0.3	0.0	0.11111111	0.72727275	0.0	0.0	
19.0	23.0	4.6842103	-54.0973	-63.8115	1.0952381	232.57895	0.22613902	0.0	0.7368421	0.055555556	0.3888889	0.0	0.11764706	0.8888889	0.0	0.0	
15.0	15.0	4.0	-38.4216	-46.8621	1.1538461	240.93333	0.028395632	0.0	0.8666667	0.071428575	0.5714286	0.0	0.30769232	0.9230769	3.0	3.0	
22.0	18.0	4.4545455	-39.1666	-44.3806	1.0	300.5	0.13359247	0.09090909	0.59090906	0.0952381	0.23809524	0.0	0.05	0.7368421	2.0	2.0	
17.0	18.0	5.352941	-48.2873	-45.5012	1.0588236	155.76471	0.08390637	0.0	0.8235294	0.0	0.3125	0.0	0.0	0.88235295	2.0	2.0	
19.0	20.0	5.263158	-50.8029	-51.6108	1.1111112	173.89473	0.13851686	0.05263158	0.68421054	0.055555556	0.2777778	0.0	0.1764706	0.7894737	0.0	0.0	
28.0	29.0	3.857143	-103.989	-104.934	1.2608696	164.85715	0.04847338	0.0	0.9285714	0.037037037	0.5925926	0.0	0.1923077	0.9583333	0.0	0.0	
28.0	24.0	3.607143	-74.8353	-83.747	1.2	295.7857	0.06755468	0.0	0.8214286	0.0	0.5925926	0.0	0.26923078	0.95454544	6.0	6.0	
14.0	15.0	4.142857	-31.1417	-49.9597	1.0	179.07143	0.013923268	0.0	0.78571427	0.07692308	0.23076923	0.0	0.0	0.7692308	2.0	2.0	
17.0	16.0	4.2352943	-57.0802	-50.8817	1.0666667	167.17647	0.073722854	0.05882353	0.88235295	0.0	0.5625	0.0	0.33333334	1.0	3.0	3.0	
75.0	79.0	3.9733334	-180.339	-220.83	1.7173913	198.77333	0.12060684	0.053333335	0.6533333	0.027027028	0.2972973	0.01369863	0.04109589	0.73333335	9.0	9.0	
21.0	22.0	4.952381	-63.0077	-69.0417	1.1578947	248.5238	0.09091802	0.04761905	0.85714287	0.05	0.6	0.0	0.10526316	0.8947368	2.0	2.0	
16.0	17.0	4.875	-40.4154	-39.6648	1.0625	184.125	0.21816115	0.0625	0.8125	0.06666667	0.53333336	0.071428575	0.071428575	0.9285714	0.0	0.0	
21.0	22.0	3.952381	-49.4246	-47.0547	1.1578947	256.9524	0.013748567	0.0	0.6666667	0.05	0.2	0.0	0.10526316	0.68421054	3.0	3.0	
23.0	21.0	3.9565217	-63.6305	-60.6319	1.1052631	177.65218	0.022514375	0.0	0.95652175	0.045454547	0.77272725	0.04761905	0.42857143	1.0	2.0	2.0	
15.0	16.0	4.6666665	-49.7669	-50.762	1.1428572	139.53334	0.14771129	0.06666667	0.8666667	0.14285715	0.35714287	0.0	0.0	0.9285714	3.0	3.0	
5.0	4.0	4.4	-18.1345	-14.2142	1.0	372.4	0.02303029	0.0	1.0	0.0	0.5	0.0	1.0	1.0	0.0	0.0	
9.0	9.0	5.111111	-26.7464	-24.0285	1.125	305.8889	0.012962999	0.0	0.7777778	0.0	0.25	0.0	0.0	0.75	0.0	0.0	
17.0	18.0	4.9411764	-55.8668	-50.8044	1.0588236	155.64706	0.1371372	0.05882353	0.8235294	0.125	0.4375	0.06666667	0.0	0.9411765	0.0	0.0	
22.0	21.0	4.4545455	-65.4928	-66.0808	1.1052631	276.63635	0.0145855425	0.0	0.90909094	0.0	0.52380955	0.05	0.25	0.95454544	2.0	2.0	
17.0	16.0	5.0	-53.8576	-55.4314	1.0	164.29411	0.12299059	0.0	0.7647059	0.0	0.5	0.0	0.13333334	0.9375	0.0	0.0	
11.0	12.0	3.2727273	-36.7633	-46.3852	1.2	222.45454	0.0047781314	0.0	0.90909094	0.2	0.6	0.0	0.33333334	0.8888889	0.0	0.0	
9.0	8.0	2.6666667	-24.4571	-27.5684	1.1428572	193.11111	0.028884394	0.0	0.8888889	0.125	0.75	0.0	0.14285715	1.0	0.0	0.0	
20.0	19.0	4.5	-39.3761	-54.3838	1.117647	220.15	0.008035857	0.0	0.75	0.0	0.47368422	0.0	0.11111111	0.7894737	2.0	2.0	
21.0	21.0	5.1904764	-71.9786	-68.304	1.0	106.09524	0.021424603	0.0	0.95238096	0.05	0.5	0.0	0.10526316	0.95238096	2.0	2.0	
3.0	3.0	4.0	-14.6964	-14.8955	1.0	106.666664	0.050094042	0.0	1.0	0.0	0.5	0.0	0.0	1.0	0.0	0.0	
26.0	27.0	3.9230769	-67.1275	-74.6332	1.4210526	297.42307	0.101134025	0.0	0.8076923	0.08	0.52	0.0	0.20833333	0.85714287	5.0	5.0	
21.0	24.0	4.285714	-58.3095	-68.4353	1.0909091	207.57143	0.015932903	0.0	0.9047619	0.05	0.7	0.0	0.21052632	0.95238096	0.0	0.0	
14.0	14.0	3.9285715	-49.6786	-46.5994	1.0	154.07143	0.029101247	0.0	1.0	0.0	0.61538464	0.083333336	0.25	1.0	2.0	2.0	
14.0	16.0	4.642857	-34.1088	-33.4494	1.2307693	203.07143	0.056520265	0.071428575	0.85714287	0.0	0.6923077	0.083333336	0.33333334	0.9230769	0.0	0.0	
56.0	56.0	4.714286	-155.455	-161.476	1.3658537	197.375	0.093235485	0.017857144	0.8035714	0.036363635	0.47272727	0.018518519	0.22222222	0.82051283	7.0	6.0	
3.0	2.0	4.0	-13.5996	-6.66155	1.0	119.0	0.054205608	0.0	0.6666667	0.0	1.0	0.0	0.0	1.0	0.0	0.0	
9.0	8.0	3.0	-31.2264	-31.9035	1.0	99.55556	0.0075946515	0.0	0.8888889	0.0	0.625	0.0	0.2857143	1.0	2.0	2.0	
54.0	54.0	4.7777777	-147.1	-145.936	1.35	193.25926	0.034520898	0.037037037	0.9444444	0.018867925	0.754717	0.09615385	0.28846154	0.97619045	4.0	4.0	
4.0	4.0	4.75	-15.0591	-14.0559	1.0	157.5	0.015714498	0.0	1.0	0.0	1.0	0.0	0.5	1.0	0.0	0.0	
25.0	23.0	4.68	-72.8002	-71.0227	1.0454545	194.92	0.010263968	0.0	0.96	0.0	0.875	0.04347826	0.4347826	1.0	3.0	2.0	
12.0	12.0	4.75	-37.0995	-35.7075	1.0	212.0	0.017391568	0.0	0.9166667	0.18181819	0.45454547	0.2	0.1	0.9166667	0.0	2.0	
18.0	19.0	4.7222223	-53.848	-52.3028	1.2666667	283.0	0.0146097075	0.0	1.0	0.0	0.8235294	0.0625	0.375	1.0	0.0	0.0	
3.0	3.0	8.333333	-12.5648	-13.0129	1.0	66.333336	0.036845364	0.0	1.0	0.0	0.5	0.0	0.0	1.0	0.0	0.0	
68.0	72.0	4.5441175	-188.019	-200.396	1.3584906	224.97058	0.024712231	0.0	0.86764705	0.029850746	0.64179105	0.045454547	0.28787878	0.9	6.0	6.0	
20.0	23.0	5.0	-62.6394	-62.3371	1.15	119.75	0.020391725	0.0	0.95	0.0	0.7368421	0.0	0.22222222	1.0	0.0	0.0	
14.0	14.0	5.071429	-36.9596	-39.2549	1.0769231	310.57144	0.085423894	0.0	0.78571427	0.0	0.46153846	0.0	0.25	0.85714287	0.0	0.0	
5.0	4.0	6.2	-13.3814	-12.3259	1.0	210.8	0.010954367	0.0	1.0	0.0	1.0	0.0	1.0	1.0	0.0	0.0	
21.0	23.0	4.7619047	-67.7588	-71.2853	1.15	184.04762	0.17231771	0.0	0.7619048	0.05	0.25	0.05263158	0.0	0.8	2.0	2.0	
13.0	13.0	5.0	-52.0467	-46.1776	1.0833334	144.3077	0.019264339	0.0	1.0	0.0	0.5833333	0.0	0.0	1.0	2.0	3.0	
14.0	16.0	4.642857	-38.3611	-39.303	1.1428572	291.7143	0.011774971	0.0	1.0	0.0	0.84615386	0.0	0.41666666	1.0	0.0	0.0	
21.0	20.0	5.5238094	-55.7279	-62.4761	1.0526316	183.85715	0.017054688	0.0	0.95238096	0.0	0.85	0.05263158	0.42105263	1.0	0.0	2.0	
10.0	9.0	5.5	-32.5212	-32.9969	1.0	99.8	0.0134865865	0.0	1.0	0.11111111	0.7777778	0.0	0.25	1.0	0.0	0.0	
21.0	19.0	4.6666665	-47.8381	-54.9757	1.1875	266.42856	0.0077843517	0.0	1.0	0.05	0.9	0.05263158	0.6315789	1.0	0.0	0.0	
21.0	21.0	4.6190476	-59.5766	-60.0668	1.2352941	194.66667	0.02814235	0.0	0.9047619	0.05	0.5	0.05263158	0.2631579	1.0	2.0	2.0	
15.0	15.0	6.0	-40.645	-39.0453	1.0714285	184.8	0.008514185	0.0	1.0	0.0	0.9285714	0.0	0.3846154	1.0	0.0	0.0	
19.0	17.0	5.368421	-37.2449	-46.0502	1.1333333	229.73685	0.0108034285	0.0	1.0	0.0	0.9444444	0.05882353	0.64705884	1.0	0.0	0.0	
16.0	17.0	5.8125	-48.2771	-45.2419	1.1333333	244.125	0.042316463	0.0	0.9375	0.06666667	0.6666667	0.14285715	0.2857143	1.0	0.0	0.0	
67.0	66.0	5.0895524	-203.625	-218.681	1.3469387	214.38806	0.02446169	0.0	0.95522386	0.045454547	0.7121212	0.03076923	0.36923078	1.0	8.0	9.0	
8.0	8.0	6.125	-32.3688	-30.3309	1.0	82.875	0.015079352	0.0	1.0	0.0	0.42857143	0.0	0.0	1.0	0.0	0.0	
4.0	4.0	7.0	-12.7332	-14.0209	1.0	57.0	0.008638822	0.0	1.0	0.0	1.0	0.0	0.5	1.0	0.0	0.0	
17.0	18.0	5.647059	-50.9832	-55.435	1.2	168.88235	0.105710134	0.05882353	0.88235295	0.0	0.625	0.0	0.2	0.9375	1.0	1.0	
52.0	49.0	5.0	-133.747	-120.229	1.3243244	227.0577	0.024699543	0.01923077	0.9807692	0.0	0.78431374	0.06	0.42	1.0	2.0	2.0	
7.0	8.0	6.142857	-26.1692	-28.6401	1.1428572	267.7143	0.014849285	0.0	1.0	0.0	0.5	0.0	0.0	1.0	1.0	1.0	
12.0	12.0	5.25	-32.9727	-29.5873	1.0909091	152.33333	0.05951823	0.083333336	0.9166667	0.0	0.72727275	0.0	0.2	1.0	0.0	0.0	
9.0	7.0	5.888889	-23.0457	-33.0518	1.0	164.77777	0.12221204	0.0	0.8888889	0.0	0.5	0.0	0.2857143	0.875	0.0	0.0	
1.0	1.0	10.0	-1.42332	-8.18426	1.0	0.0	0.0	0.0	0.0	0.0	0.0	0.0	0.0	0.0	0.0	0.0	
56.0	54.0	5.125	-152.445	-167.303	1.862069	221.91072	0.051928375	0.0	0.83928573	0.0	0.6545454	0.018518519	0.4814815	0.93939394	5.0	4.0	
31.0	29.0	5.387097	-74.7703	-73.4093	1.2083334	182.6129	0.012373879	0.0	1.0	0.06666667	0.8333333	0.0	0.44827586	1.0	0.0	0.0	
11.0	13.0	5.090909	-34.9325	-46.9983	1.0	136.0	0.039043453	0.0	0.8181818	0.0	0.4	0.11111111	0.11111111	0.90909094	2.0	2.0	
20.0	26.0	4.8	-48.1536	-65.0286	1.04	199.0	0.024133576	0.0	0.95	0.05263158	0.7368421	0.055555556	0.3888889	1.0	0.0	0.0	
16.0	16.0	4.1875	-58.9012	-58.8651	1.0666667	157.0625	0.01722302	0.0	0.9375	0.06666667	0.8	0.0	0.5	1.0	3.0	4.0	
19.0	20.0	5.0526314	-35.5856	-63.89	1.1764706	217.10527	0.0071473615	0.10526316	0.84210527	0.0	0.6111111	0.0	0.47058824	0.9411765	0.0	0.0	
10.0	10.0	6.0	-36.3877	-29.2922	1.0	131.3	0.03702765	0.0	0.9	0.11111111	0.22222222	0.0	0.0	1.0	0.0	0.0	
12.0	12.0	4.0833335	-35.9263	-35.9084	1.0909091	147.41667	0.055943143	0.083333336	0.9166667	0.0	0.72727275	0.0	0.2	1.0	0.0	0.0	
19.0	19.0	5.5263157	-57.1738	-57.6705	1.0555556	91.42105	0.053346884	0.0	0.8947368	0.0	0.6111111	0.05882353	0.23529412	1.0	0.0	0.0	
22.0	23.0	4.818182	-63.576	-65.7166	1.15	197.54546	0.022909332	0.0	0.8636364	0.04761905	0.6666667	0.1	0.25	0.9411765	4.0	3.0	
10.0	10.0	5.4	-23.0393	-34.7563	1.0	266.2	0.07334849	0.0	0.7	0.0	0.33333334	0.0	0.125	1.0	0.0	0.0	
14.0	15.0	6.714286	-44.8	-43.5537	1.0714285	94.71429	0.012018376	0.0	1.0	0.07692308	0.6923077	0.0	0.25	1.0	0.0	0.0	
8.0	9.0	4.875	-19.3894	-25.6443	1.125	129.375	0.13051564	0.125	0.75	0.0	0.2857143	0.0	0.0	1.0	0.0	0.0	
9.0	8.0	5.0	-24.3393	-24.2424	1.0	221.77777	0.04106933	0.0	0.8888889	0.0	0.875	0.0	0.42857143	1.0	2.0	2.0	
23.0	22.0	4.869565	-62.4081	-63.502	1.0	165.91304	0.021096734	0.0	1.0	0.045454547	0.72727275	0.0	0.42857143	1.0	2.0	3.0	
9.0	11.0	5.6666665	-37.7597	-39.036	1.1	76.111115	0.024510793	0.0	1.0	0.0	0.375	0.0	0.14285715	1.0	0.0	0.0	
6.0	7.0	6.1666665	-23.6986	-21.7862	1.0	173.16667	0.014488864	0.0	0.8333333	0.0	0.6	0.0	0.0	0.8333333	0.0	0.0	
16.0	15.0	5.5	-38.9504	-49.9689	1.0	130.125	0.047325846	0.0625	0.875	0.0	0.6666667	0.0	0.42857143	0.9285714	0.0	0.0	
52.0	47.0	5.2884617	-157.146	-158.12	1.46875	206.71153	0.029369354	0.01923077	0.9230769	0.019607844	0.7254902	0.02	0.34	1.0	7.0	7.0	
3.0	2.0	6.6666665	-12.8237	-12.1299	1.0	121.333336	0.04521088	0.0	1.0	0.0	1.0	0.0	1.0	1.0	0.0	0.0	
15.0	14.0	4.4	-50.7802	-48.8267	1.0769231	136.66667	0.013617212	0.0	0.93333334	0.0	0.78571427	0.0	0.46153846	0.9285714	3.0	4.0	
32.0	27.0	3.4375	-95.637	-90.9111	1.173913	224.90625	0.011074968	0.0	0.96875	0.0	0.8064516	0.033333335	0.4	0.962963	3.0	4.0	
28.0	27.0	3.2857144	-92.7992	-85.6176	1.2857143	229.82143	0.06348162	0.0	0.89285713	0.0	0.6666667	0.0	0.30769232	0.95454544	3.0	3.0	
24.0	25.0	4.5	-72.0601	-72.5291	1.1363636	218.625	0.012811165	0.0	1.0	0.04347826	0.8695652	0.0	0.4090909	1.0	2.0	2.0	
3.0	4.0	6.0	-6.43506	-14.9398	1.0	231.66667	0.0022661982	0.0	0.6666667	0.0	0.5	0.0	0.0	0.6666667	0.0	0.0	
6.0	7.0	6.6666665	-12.865	-25.0167	1.0	245.33333	0.1733597	0.16666667	0.6666667	0.0	0.6	0.0	0.25	0.8333333	0.0	0.0	
4.0	4.0	4.75	-8.44138	-6.7593	1.0	0.5	0.5066964	0.0	0.25	0.0	0.0	0.0	0.0	0.25	0.0	0.0	
1.0	1.0	10.0	-1.42332	-1.3584	1.0	1.0	0.42857143	0.0	1.0	0.0	0.0	0.0	0.0	1.0	0.0	0.0	
1.0	1.0	11.0	-9.46575	-1.3584	1.0	2.0	0.18181819	0.0	0.0	0.0	0.0	0.0	0.0	1.0	0.0	0.0	
11.0	11.0	5.0	-38.8288	-34.405	1.0	128.45454	0.018212004	0.0	1.0	0.0	0.6	0.0	0.22222222	1.0	0.0	0.0	
1.0	1.0	11.0	-8.07367	-8.33588	1.0	3.0	0.0530504	0.0	1.0	0.0	0.0	0.0	0.0	1.0	0.0	0.0	
12.0	11.0	6.0833335	-54.0002	-44.2082	1.0	124.333336	0.054252133	0.0	0.8333333	0.09090909	0.54545456	0.0	0.1	1.0	0.0	0.0	
24.0	20.0	4.8333335	-75.1228	-62.5113	1.1111112	241.70833	0.09865311	0.0	0.9583333	0.0	0.82608694	0.0	0.36363637	1.0	0.0	0.0	
18.0	20.0	5.7777777	-63.1105	-72.2995	1.0	147.72223	0.028302047	0.0	0.8888889	0.0	0.7058824	0.0	0.25	0.9444444	0.0	0.0	
1.0	1.0	10.0	-7.94228	-7.76922	1.0	2.0	0.041474655	0.0	1.0	0.0	0.0	0.0	0.0	1.0	0.0	0.0	
19.0	17.0	5.2105265	-54.4829	-58.9522	1.0	233.05263	0.024651935	0.0	0.94736844	0.0	0.8333333	0.0	0.5882353	1.0	0.0	0.0	
16.0	16.0	4.3125	-57.3092	-49.6804	1.0	109.0	0.047112666	0.0	1.0	0.0	0.6666667	0.0	0.14285715	1.0	0.0	2.0	
6.0	7.0	4.6666665	-16.468	-20.8925	1.1666666	385.33334	0.0056264303	0.0	0.8333333	0.0	0.8	0.0	0.25	0.8333333	0.0	0.0	
17.0	14.0	4.7647057	-47.7689	-49.2322	1.0	158.70589	0.044312544	0.0	0.88235295	0.375	0.5	0.0	0.2	1.0	0.0	0.0	
5.0	5.0	5.8	-20.4108	-17.5616	1.0	203.0	0.22895071	0.4	0.2	0.0	0.0	0.0	0.0	0.8	0.0	0.0	
68.0	67.0	4.352941	-166.044	-175.381	1.5581396	283.42648	0.028436016	0.0	0.9705882	0.014925373	0.8358209	0.015151516	0.33333334	0.9767442	4.0	4.0	
19.0	20.0	4.7894735	-57.2503	-71.7191	1.0526316	230.1579	0.029717775	0.0	0.94736844	0.0	0.7222222	0.0	0.1764706	1.0	2.0	2.0	
22.0	26.0	4.409091	-67.696	-77.8065	1.0833334	189.45454	0.036621302	0.045454547	0.90909094	0.04761905	0.5714286	0.0	0.1	0.95454544	4.0	4.0	
21.0	21.0	4.714286	-58.086	-57.2103	1.1666666	218.85715	0.03691876	0.04761905	0.95238096	0.0	0.7	0.05263158	0.31578946	1.0	0.0	2.0	
22.0	23.0	4.7272725	-59.7401	-58.0795	1.15	265.81818	0.092064336	0.09090909	0.8636364	0.0952381	0.52380955	0.0	0.05	1.0	2.0	2.0	
7.0	5.0	5.571429	-20.3493	-19.5568	1.0	204.14285	0.08250798	0.0	0.85714287	0.16666667	0.6666667	0.0	0.4	1.0	0.0	0.0	
14.0	13.0	5.142857	-30.9111	-34.0	1.0	187.5	0.12979516	0.071428575	0.78571427	0.0	0.6923077	0.0	0.41666666	0.9230769	0.0	0.0	
16.0	16.0	5.5	-47.8186	-48.8255	1.0	121.375	0.014612626	0.0	1.0	0.0	0.6666667	0.0	0.21428572	1.0	2.0	2.0	
3.0	3.0	8.666667	-15.3915	-14.6801	1.0	4.6666665	0.013661012	0.0	1.0	0.5	0.5	0.0	0.0	1.0	0.0	0.0	
4.0	4.0	6.25	-9.34107	-14.9319	1.0	78.75	0.009317426	0.0	0.75	0.0	0.6666667	0.0	0.0	0.75	0.0	0.0	
26.0	26.0	4.269231	-80.7744	-72.5593	1.0833334	231.8077	0.01962352	0.0	0.9230769	0.08	0.72	0.0	0.375	1.0	2.0	3.0	
26.0	23.0	4.3846154	-67.8477	-65.9319	1.0454545	308.26923	0.013147136	0.0	1.0	0.08	0.72	0.041666668	0.5	1.0	2.0	2.0	
2.0	2.0	8.5	-10.3351	-10.856	1.0	8.0	0.0046503553	0.0	1.0	0.0	1.0	0.0	0.0	1.0	0.0	0.0	
17.0	16.0	3.8823528	-66.4718	-66.9382	1.2307693	131.0	0.01525028	0.05882353	0.88235295	0.0	0.5625	0.0	0.2	0.9285714	2.0	2.0	
8.0	5.0	3.75	-34.8734	-17.7763	1.0	26.75	0.017319366	0.0	0.625	0.0	0.0	0.0	0.0	0.75	2.0	2.0	
10.0	8.0	4.0	-32.4846	-32.8361	1.0	88.0	0.030154124	0.1	0.8	0.0	0.44444445	0.0	0.0	0.8888889	2.0	2.0	
23.0	23.0	3.5652175	-89.2586	-89.3219	1.15	113.0	0.1884509	0.0	0.7826087	0.0	0.3181818	0.0	0.0952381	0.8	2.0	4.0	
5.0	5.0	6.0	-12.1708	-17.9166	1.0	208.8	0.023118239	0.0	0.8	0.0	0.75	0.0	0.33333334	0.8	0.0	0.0	
27.0	24.0	4.111111	-66.4341	-88.0227	1.0909091	171.66667	0.051564846	0.037037037	0.7777778	0.03846154	0.46153846	0.0	0.36	0.875	4.0	4.0	
20.0	18.0	5.7	-47.075	-64.5372	1.125	303.9	0.013390799	0.0	0.95	0.0	0.8947368	0.0	0.6111111	0.9411765	2.0	2.0	
2.0	2.0	8.5	-10.3351	-10.856	1.0	8.0	0.0046503553	0.0	1.0	0.0	1.0	0.0	0.0	1.0	0.0	0.0	
12.0	10.0	3.3333333	-55.6229	-36.5245	1.0	83.666664	0.19299613	0.0	0.75	0.0	0.18181819	0.0	0.0	0.9166667	2.0	4.0	
17.0	18.0	3.8235295	-72.9912	-64.217	1.0588236	92.588234	0.13668749	0.0	0.8235294	0.0	0.25	0.0	0.06666667	0.875	2.0	2.0	
2.0	2.0	8.5	-12.3257	-12.4498	1.0	5.5	0.05206095	0.0	1.0	0.0	0.0	0.0	0.0	1.0	0.0	0.0	
2.0	2.0	8.5	-10.3351	-10.856	1.0	8.0	0.0046503553	0.0	1.0	0.0	1.0	0.0	0.0	1.0	0.0	0.0	
21.0	20.0	4.3333335	-70.5427	-60.418	1.0	129.95238	0.1567038	0.04761905	0.7619048	0.0	0.45	0.0	0.15789473	0.84210527	2.0	4.0	
6.0	4.0	6.6666665	-15.7841	-13.7146	1.0	301.83334	0.06160209	0.0	1.0	0.0	1.0	0.0	0.75	1.0	0.0	0.0	
18.0	19.0	4.5555553	-58.6329	-60.8313	1.0	131.05556	0.05859118	0.055555556	0.7777778	0.0	0.47058824	0.0625	0.25	0.9375	2.0	5.0	
5.0	5.0	7.4	-18.3566	-20.2259	1.0	422.8	0.021926936	0.0	1.0	0.0	0.75	0.0	0.33333334	1.0	0.0	0.0	
2.0	2.0	8.5	-10.3351	-10.856	1.0	8.0	0.0046503553	0.0	1.0	0.0	1.0	0.0	0.0	1.0	0.0	0.0	
3.0	3.0	6.6666665	-6.82202	-19.9582	1.0	0.6666667	0.0048076925	0.0	0.33333334	0.0	0.0	0.0	0.0	0.33333334	0.0	0.0	
9.0	9.0	3.4444444	-33.2829	-22.4595	1.0	109.55556	0.01403904	0.0	0.7777778	0.0	0.25	0.0	0.0	0.7777778	2.0	2.0	
49.0	45.0	5.428571	-127.669	-128.29	1.25	247.7551	0.031269856	0.040816326	0.8979592	0.020833334	0.75	0.0	0.5319149	0.9736842	4.0	4.0	
53.0	50.0	5.1132073	-123.639	-127.051	1.4285715	286.1698	0.028956346	0.018867925	0.9245283	0.03846154	0.8269231	0.019607844	0.5686275	0.974359	3.0	3.0	
4.0	4.0	6.5	-13.6014	-12.8523	1.0	346.25	0.0074071987	0.0	1.0	0.0	1.0	0.0	1.0	1.0	0.0	0.0	
2.0	2.0	7.5	-7.24051	-10.6766	1.0	15.0	0.0021482366	0.0	1.0	0.0	1.0	0.0	0.0	1.0	0.0	0.0	
2.0	2.0	9.0	-9.11219	-13.4108	1.0	5.5	0.014864256	0.0	1.0	0.0	1.0	0.0	0.0	1.0	0.0	0.0	
61.0	58.0	5.114754	-157.345	-171.744	1.5263158	282.16394	0.011574044	0.0	1.0	0.0	0.9166667	0.050847456	0.5084746	1.0	8.0	8.0	
2.0	1.0	6.5	-12.5809	-7.24498	1.0	22.0	0.0061682807	0.0	1.0	1.0	0.0	0.0	0.0	1.0	0.0	0.0	
4.0	4.0	6.5	-16.6077	-20.2185	1.0	92.0	0.016837269	0.0	1.0	0.0	0.6666667	0.0	0.0	1.0	0.0	0.0	
3.0	2.0	7.0	-13.0774	-12.3053	1.0	119.333336	0.0022614736	0.0	1.0	0.0	1.0	0.0	0.0	1.0	0.0	0.0	
7.0	5.0	6.142857	-17.8908	-19.0889	1.0	228.42857	0.005586799	0.0	1.0	0.0	1.0	0.0	0.8	1.0	0.0	0.0	
52.0	51.0	5.0961537	-149.256	-150.678	1.2439024	217.86539	0.013055393	0.0	0.9807692	0.019607844	0.78431374	0.06	0.42	1.0	7.0	7.0	
1.0	1.0	0.0	-23174.9	-23992.7	1.0	0.0	0.0	NaN	NaN	0.0	0.0	0.0	0.0	NaN	0.0	0.0	